Min or Max:
1
C Table:
[-2.0, 5.0, -10.0, -2.0, 9.0]
A table:
[[3.0, -2.0, 0, 99.0, 0], [0, 1.0, 1.0, 1.0, 1.0], [1.0, 0, -5.2, 8.0, 1.0], [1.0, 0, -5.2, 8.0, 1.0], [0, 0, 0, 1.0, -1.0], [0, 0, 0, -2.54343222, 0]]
Inequalities operands:
[-1, 0, 1, 1, -1, 1]
B table:
[10.0, 1.0, 9.0, 9.0, 23.0, 1.0]
Min or Max:
1
C Table:
[-2.0, 5.0, -10.0, -2.0, 9.0]
A table:
[[3.0, -2.0, 0, 99.0, 0], [0, 1.0, 1.0, 1.0, 1.0], [1.0, 0, -5.2, 8.0, 1.0], [1.0, 0, -5.2, 8.0, 1.0], [0, 0, 0, 1.0, -1.0], [0, 0, 0, -2.54343222, 0]]
Inequalities operands (eqin table):
[-1, 0, 1, 1, -1, 1]
B table:
[10.0, 1.0, 9.0, 9.0, 23.0, 1.0]
